---
- added: 8
  cycles: 1
  deleted: 8
  inserted: 8
  seconds: 0.001914266
  version: 0.43.0
  what: judges-summary
  when: 2025-05-23 13:43:09.374245138 Z
